{
 "cells": [
  {
   "cell_type": "code",
   "execution_count": 1,
   "metadata": {},
   "outputs": [],
   "source": [
    "import pandas as pd\n",
    "import pathlib\n",
    "cwd = pathlib.Path.cwd()\n",
    "import random\n",
    "import seqlogo\n",
    "import numpy as np\n"
   ]
  },
  {
   "cell_type": "code",
   "execution_count": 5,
   "metadata": {},
   "outputs": [
    {
     "data": {
      "text/html": [
       "<div>\n",
       "<style scoped>\n",
       "    .dataframe tbody tr th:only-of-type {\n",
       "        vertical-align: middle;\n",
       "    }\n",
       "\n",
       "    .dataframe tbody tr th {\n",
       "        vertical-align: top;\n",
       "    }\n",
       "\n",
       "    .dataframe thead th {\n",
       "        text-align: right;\n",
       "    }\n",
       "</style>\n",
       "<table border=\"1\" class=\"dataframe\">\n",
       "  <thead>\n",
       "    <tr style=\"text-align: right;\">\n",
       "      <th></th>\n",
       "      <th>0</th>\n",
       "      <th>1</th>\n",
       "      <th>2</th>\n",
       "      <th>3</th>\n",
       "    </tr>\n",
       "  </thead>\n",
       "  <tbody>\n",
       "    <tr>\n",
       "      <th>0</th>\n",
       "      <td>28</td>\n",
       "      <td>14</td>\n",
       "      <td>7</td>\n",
       "      <td>20</td>\n",
       "    </tr>\n",
       "    <tr>\n",
       "      <th>1</th>\n",
       "      <td>18</td>\n",
       "      <td>22</td>\n",
       "      <td>10</td>\n",
       "      <td>10</td>\n",
       "    </tr>\n",
       "    <tr>\n",
       "      <th>2</th>\n",
       "      <td>23</td>\n",
       "      <td>35</td>\n",
       "      <td>23</td>\n",
       "      <td>2</td>\n",
       "    </tr>\n",
       "    <tr>\n",
       "      <th>3</th>\n",
       "      <td>21</td>\n",
       "      <td>1</td>\n",
       "      <td>23</td>\n",
       "      <td>29</td>\n",
       "    </tr>\n",
       "    <tr>\n",
       "      <th>4</th>\n",
       "      <td>1</td>\n",
       "      <td>20</td>\n",
       "      <td>32</td>\n",
       "      <td>11</td>\n",
       "    </tr>\n",
       "    <tr>\n",
       "      <th>5</th>\n",
       "      <td>21</td>\n",
       "      <td>24</td>\n",
       "      <td>26</td>\n",
       "      <td>27</td>\n",
       "    </tr>\n",
       "    <tr>\n",
       "      <th>6</th>\n",
       "      <td>15</td>\n",
       "      <td>14</td>\n",
       "      <td>2</td>\n",
       "      <td>6</td>\n",
       "    </tr>\n",
       "    <tr>\n",
       "      <th>7</th>\n",
       "      <td>20</td>\n",
       "      <td>8</td>\n",
       "      <td>17</td>\n",
       "      <td>3</td>\n",
       "    </tr>\n",
       "  </tbody>\n",
       "</table>\n",
       "</div>"
      ],
      "text/plain": [
       "    0   1   2   3\n",
       "0  28  14   7  20\n",
       "1  18  22  10  10\n",
       "2  23  35  23   2\n",
       "3  21   1  23  29\n",
       "4   1  20  32  11\n",
       "5  21  24  26  27\n",
       "6  15  14   2   6\n",
       "7  20   8  17   3"
      ]
     },
     "execution_count": 5,
     "metadata": {},
     "output_type": "execute_result"
    }
   ],
   "source": [
    "# Setting seed for demonstration purposes\n",
    "np.random.seed(42)\n",
    "\n",
    "# Making some fake Position Frequency Data (PFM)\n",
    "pfm = pd.DataFrame(np.random.randint(0, 36, size=(8, 4)))\n",
    "# Convert to Position Weight Matrix (PWM)\n",
    "pwm = seqlogo.pfm2pwm(pfm)\n",
    "# print(pwm)\n",
    "# print(pfm)\n",
    "pfm"
   ]
  },
  {
   "cell_type": "code",
   "execution_count": 8,
   "metadata": {},
   "outputs": [
    {
     "name": "stdout",
     "output_type": "stream",
     "text": [
      "[[0.08219683 0.52725178 0.2306407  0.15991069]\n",
      " [0.07037527 0.07036342 0.02482637 0.83443494]\n",
      " [0.16196168 0.21697225 0.00366528 0.61740079]\n",
      " [0.73563827 0.09828977 0.0826381  0.08343386]\n",
      " [0.17989796 0.368931   0.2804629  0.17070814]\n",
      " [0.49851022 0.07913752 0.18200371 0.24034854]]\n"
     ]
    },
    {
     "data": {
      "text/html": [
       "<div>\n",
       "<style scoped>\n",
       "    .dataframe tbody tr th:only-of-type {\n",
       "        vertical-align: middle;\n",
       "    }\n",
       "\n",
       "    .dataframe tbody tr th {\n",
       "        vertical-align: top;\n",
       "    }\n",
       "\n",
       "    .dataframe thead th {\n",
       "        text-align: right;\n",
       "    }\n",
       "</style>\n",
       "<table border=\"1\" class=\"dataframe\">\n",
       "  <thead>\n",
       "    <tr style=\"text-align: right;\">\n",
       "      <th></th>\n",
       "      <th>A</th>\n",
       "      <th>C</th>\n",
       "      <th>G</th>\n",
       "      <th>T</th>\n",
       "    </tr>\n",
       "  </thead>\n",
       "  <tbody>\n",
       "    <tr>\n",
       "      <th>0</th>\n",
       "      <td>0.082197</td>\n",
       "      <td>0.527252</td>\n",
       "      <td>0.230641</td>\n",
       "      <td>0.159911</td>\n",
       "    </tr>\n",
       "    <tr>\n",
       "      <th>1</th>\n",
       "      <td>0.070375</td>\n",
       "      <td>0.070363</td>\n",
       "      <td>0.024826</td>\n",
       "      <td>0.834435</td>\n",
       "    </tr>\n",
       "    <tr>\n",
       "      <th>2</th>\n",
       "      <td>0.161962</td>\n",
       "      <td>0.216972</td>\n",
       "      <td>0.003665</td>\n",
       "      <td>0.617401</td>\n",
       "    </tr>\n",
       "    <tr>\n",
       "      <th>3</th>\n",
       "      <td>0.735638</td>\n",
       "      <td>0.098290</td>\n",
       "      <td>0.082638</td>\n",
       "      <td>0.083434</td>\n",
       "    </tr>\n",
       "    <tr>\n",
       "      <th>4</th>\n",
       "      <td>0.179898</td>\n",
       "      <td>0.368931</td>\n",
       "      <td>0.280463</td>\n",
       "      <td>0.170708</td>\n",
       "    </tr>\n",
       "    <tr>\n",
       "      <th>5</th>\n",
       "      <td>0.498510</td>\n",
       "      <td>0.079138</td>\n",
       "      <td>0.182004</td>\n",
       "      <td>0.240349</td>\n",
       "    </tr>\n",
       "  </tbody>\n",
       "</table>\n",
       "</div>"
      ],
      "text/plain": [
       "          A         C         G         T\n",
       "0  0.082197  0.527252  0.230641  0.159911\n",
       "1  0.070375  0.070363  0.024826  0.834435\n",
       "2  0.161962  0.216972  0.003665  0.617401\n",
       "3  0.735638  0.098290  0.082638  0.083434\n",
       "4  0.179898  0.368931  0.280463  0.170708\n",
       "5  0.498510  0.079138  0.182004  0.240349"
      ]
     },
     "metadata": {},
     "output_type": "display_data"
    },
    {
     "name": "stdout",
     "output_type": "stream",
     "text": [
      "\n"
     ]
    }
   ],
   "source": [
    "# Setting seed for demonstration purposes\n",
    "np.random.seed(42)\n",
    "\n",
    "# Making a fake PPM\n",
    "random_ppm = np.random.dirichlet(np.ones(4), size=6)\n",
    "ppm = seqlogo.Ppm(random_ppm)\n",
    "print(random_ppm)\n",
    "print(ppm)"
   ]
  }
 ],
 "metadata": {
  "kernelspec": {
   "display_name": "thesis",
   "language": "python",
   "name": "python3"
  },
  "language_info": {
   "codemirror_mode": {
    "name": "ipython",
    "version": 3
   },
   "file_extension": ".py",
   "mimetype": "text/x-python",
   "name": "python",
   "nbconvert_exporter": "python",
   "pygments_lexer": "ipython3",
   "version": "3.10.8"
  }
 },
 "nbformat": 4,
 "nbformat_minor": 2
}
